1691304443.08 0.00427528304061 0.000101268312459 0.093723792451 0.995589052987 2.96450051247 -0.329450988576 -0.0220209888328
1691304443.91 0.0102196776357 0.0022359907862 0.0925506975041 0.995653015325 3.02559802052 -0.370287223708 -0.012421333208
1691304445.2 0.00734800493561 0.00357559764497 0.0915019839261 0.995771363749 3.03331380955 -0.37129233343 0.0356128015449
1691304446.2 0.00580663676604 0.00183600409544 0.0872860546921 0.996164673493 3.07071474294 -0.353411021323 0.0211248142721
1691304447.4 0.0051928619646 0.000711042596171 0.0853683503967 0.996335673031 3.08030272617 -0.356893658297 -0.0148991132525
1691304448.38 0.00590580768454 0.00403984403583 0.0861507972504 0.996256413394 3.15378578561 -0.417826060389 0.0585667613437
1691304449.65 0.00681124353998 0.00137406962869 0.0816956583946 0.996633101143 3.12717962459 -0.353717919032 0.00737053762847
1691304450.81 0.00539813547353 -0.000721380062302 0.0754407184481 0.997135415951 3.16840623127 -0.340901254666 -0.0437027325628
1691304443.06 0.00600640536977 -0.000202729845873 0.0725938228543 0.997343480892 3.19972263609 -0.287820390918 -0.027774604386
1691304444.26 0.00503322020371 0.00133832097975 0.0724531002191 0.997358222436 3.23082169731 -0.364731920363 -0.00439480631823
1691304445.51 0.00379227245898 0.00366603267294 0.0721416300831 0.997380451023 3.2287826995 -0.362709229318 0.0504774654418
1691304446.75 0.00628391586558 0.0023871057544 0.0718830956387 0.997390412371 3.31823857209 -0.417901940294 -0.000834806943449
1691304447.71 0.00887574610413 0.00125215154611 0.0685990651537 0.997604040443 3.30589520041 -0.353054365463 -0.0195285106961
1691304448.58 0.0049623110438 0.000832743081622 0.069290359356 0.997583845152 3.33240147801 -0.369804977489 -0.0256036659045
1691304449.86 0.00585148188264 0.000927979367489 0.0702593343631 0.997511165325 3.40030840745 -0.37724554857 -0.0165329888151
1691304451.03 0.00585148188264 0.000927979367489 0.0702593343631 0.997511165325 3.40030840745 -0.37724554857 -0.0165329888151
1691304451.66 0.00740395274074 0.00155603636575 0.0683328257689 0.997633893348 3.40531877342 -0.322753381824 0.00134840093888
1691304452.71 0.00791019958839 0.00200154950634 0.0690399894756 0.997580524266 3.42637495565 -0.338234757808 -0.0111538236743
1691304444.7 0.00724766383251 0.00245783898331 0.0709762381601 0.997448647306 3.47059056849 -0.365213389549 0.00615046215943
1691304445.5 0.00461028274339 0.00126315540536 0.0749277175544 0.997177510212 3.52101704975 -0.41686060699 -0.00111014813045
1691304446.75 0.00771463773129 0.000649577256703 0.0740652735949 0.997223343921 3.50210793289 -0.348454426401 -0.0230495289855
1691304447.84 0.00687434765867 0.00158485117242 0.072825339096 0.997319758942 3.53306551606 -0.330405274829 0.00235291072179
1691304448.63 0.00710728264267 -0.000309000017616 0.0751566430102 0.997146363411 3.56506318331 -0.339163575276 -0.0223986375798
1691304449.67 0.00569607702145 0.000200241831471 0.0755148527991 0.99712838773 3.58311275798 -0.32007893826 -0.0119537131894
1691304450.45 0.00773110051769 -0.000887800955185 0.077298681229 0.996977610468 3.59839182471 -0.303817420836 -0.03048331415
1691304451.74 0.00598344348368 0.00125420904053 0.078879164927 0.996865438615 3.62132438681 -0.319155966555 -0.00110407368224
1691304453.0 0.00511837719012 0.00143610238581 0.0809262107388 0.996705918634 3.67065066618 -0.347203506522 0.0183385968828
1691304453.93 0.00768294140515 0.000746788973423 0.0807188413021 0.996707019829 3.69081696274 -0.310258042074 -0.0126184646438
1691304446.17 0.00514202902145 0.000586714783145 0.082863131744 0.996547498467 3.72768514377 -0.335190668729 0.0016962268153
1691304447.25 0.00772035402406 -0.000102110811034 0.0838901243864 0.996445097704 3.7498054968 -0.318064522934 -0.0155377353872
1691304448.08 0.00526618067123 0.00212769442339 0.087299428311 0.996165924971 3.76877193779 -0.34650641763 0.0317028728125
1691304449.13 0.00591453550966 7.61956492321e-05 0.0865091676544 0.996233494908 3.78038753924 -0.280384528491 -0.0227248627884
1691304450.35 0.00821477403225 -0.000370910046698 0.0884012665712 0.996051000693 3.82003780156 -0.320669169846 -0.04092970939
1691304451.54 0.0093024611572 0.00181618839463 0.0887868980996 0.996005548379 3.83321367944 -0.281167461301 -0.0200265661538
1691304452.73 0.00417843842884 -0.000267472532889 0.0916904395009 0.99577875676 3.85308118129 -0.291577124522 -0.0393678408863
1691304453.69 0.00692117929523 0.000914813794868 0.0927648777573 0.995663566596 3.87562413302 -0.283641312132 -0.0202305763287
1691304454.38 0.00494987102777 0.000855389777657 0.0956366100188 0.995403639691 3.92759560154 -0.316837247633 -0.0100954482396
1691304446.6 0.00698977907453 0.00136796303749 0.0963715289746 0.995319948594 3.9462289065 -0.301515835841 -0.0145470802152
1691304447.36 0.00480548880876 0.000717201410616 0.0975533465261 0.995218437068 3.95643778934 -0.276879974414 -0.0208179093008
1691304448.21 0.00745448601372 0.000436223604179 0.09937833611 0.995021701602 3.98946855161 -0.257454759073 -0.0317146823674
1691304449.12 0.00288446021894 0.000894849866906 0.10114628565 0.994866980069 4.01251356251 -0.289968165525 -0.0112751994455
1691304449.84 0.00525045031291 0.0024170359585 0.101009175094 0.994868703526 4.00898857714 -0.244664055081 0.0011823306538
1691304451.01 0.0064398599888 0.00301223125276 0.103866569867 0.994565830064 4.05081444904 -0.282971499538 0.00327079658408
1691304451.81 0.00659322086772 0.000512731632544 0.104685912803 0.994483346369 4.08795394823 -0.247111870595 -0.0518543620715
